Entrada 1:

RAPIDO

bissec 1.492878198623657e+00 4.791121476968599e-05 22 2.40400002e-03
bissec 1.492878708663603e+00 0.000000000000000e+00 500 3.44850000e-02
bissec 1.492878708663603e+00 2.974717284618537e-14 53 4.83900000e-03
newton -1.241330671213396e+00 -3.597414612808092e+00 500 1.90459999e-02
newton -1.241330671213396e+00 -3.597414612808092e+00 500 1.78140000e-02
newton -1.241330671213396e+00 -3.597414612808092e+00 500 2.23020000e-02

LENTO

bissec 1.492878198623657e+00 4.791121476968599e-05 22 2.21719999e-02
bissec 1.492878708663603e+00 0.000000000000000e+00 500 1.71862000e-01
bissec 1.492878708663603e+00 2.974717284618537e-14 53 1.85139999e-02
newton -1.241330671213400e+00 -3.597414612807901e+00 500 1.07891999e-01
newton -1.241330671213400e+00 -3.597414612807901e+00 500 1.05688000e-01
newton -1.241330671213400e+00 -3.597414612807901e+00 500 1.14393999e-01

Entrada 2:

RAPIDO

bissec 2.000002861022949e+00 2.384188064754547e-04 20 3.01600003e-03
bissec 2.000002861022949e+00 2.384188064754547e-04 20 2.53499997e-03
bissec 2.000002861022949e+00 2.384188064754547e-04 20 2.09690000e-02
newton 1.999965110244870e+00 0.000000000000000e+00 26 1.97300000e-03
newton 1.999965110244870e+00 0.000000000000000e+00 26 1.58300000e-03
newton 1.999965110244870e+00 0.000000000000000e+00 26 1.82399997e-03

LENTO

bissec 2.000014185905456e+00 2.980211988439161e-05 23 3.09780000e-02
bissec 2.000013627115588e+00 0.000000000000000e+00 500 2.48716000e-01
bissec 2.000013627115589e+00 2.220430920215908e-14 53 2.80420000e-02
newton 2.000000761518659e+00 3.373016731698722e-05 57 1.89249999e-02
newton 2.013025912882559e+00 0.000000000000000e+00 425 1.30624999e-01
newton 2.013025912882559e+00 0.000000000000000e+00 425 1.36716000e-01

Entrada 3:
RAPIDO

bissec 9.180288314819335e-01 1.038829363966333e-04 20 2.96600000e-03
bissec 9.180280931764848e-01 3.869940043455215e-13 48 5.50999998e-03
bissec 9.180280931764848e-01 3.869940043455215e-13 48 6.46200001e-03
newton 8.359548421165022e-01 4.194949546315653e+00 500 2.51370000e-02
newton 8.359548421165022e-01 4.194949546315653e+00 500 2.39449999e-02
newton 8.359548421165022e-01 4.194949546315653e+00 500 2.98959999e-02

LENTO

bissec 9.180288314819335e-01 1.038829363966333e-04 20 2.74220000e-02
bissec 9.180280931764848e-01 3.869940043455215e-13 48 2.17609999e-02
bissec 9.180280931764848e-01 3.869940043455215e-13 48 2.24019999e-02
newton 8.359548421165035e-01 4.194949546315460e+00 500 1.32948999e-01
newton 8.359548421165035e-01 4.194949546315460e+00 500 1.30885000e-01
newton 8.359548421165035e-01 4.194949546315460e+00 500 1.44230000e-01

Entrada 4:RAPIDO

bissec 8.046503067016601e-01 1.185202041391996e-04 20 2.03400000e-03
bissec 8.046503635581734e-01 1.103806646867827e-13 50 3.80700000e-03
bissec 8.046503635581734e-01 1.103806646867827e-13 50 4.18799999e-03
newton -7.122503638693047e-01 -1.980404500958635e+01 500 1.66109999e-02
newton -7.122503638693047e-01 -1.980404500958635e+01 500 1.51480000e-02
newton -7.122503638693047e-01 -1.980404500958635e+01 500 2.23819999e-02

LENTO

bissec 8.046503067016601e-01 1.185202041391996e-04 20 2.20509999e-02
bissec 8.046503635581734e-01 1.103806646867827e-13 50 1.37450000e-02
bissec 8.046503635581734e-01 1.103806646867827e-13 50 1.41760000e-02
newton 1.435559866741595e-01 1.768305330682727e+02 500 8.25049999e-02
newton 1.435559866741595e-01 1.768305330682727e+02 500 7.83470000e-02
newton 1.435559866741595e-01 1.768305330682727e+02 500 8.73039999e-02
